
Message: IK1HGI JN45 20                        W: F iwspr: 1
f0: 1500.000   DT:  0.00   TxT:  51.8   SNR: -15.0

Message bits: 
10001010001001000011110110011000100100010010011000001000010100100111011110000 000000000000000000000000

Channel symbols: 
0132102330
3303100221
3130310103
1300301123
1032010312
1232110013
3130023120
3022120132
1023030322
0102010022
3130211301
0322231032
0100321202
2030013330
0013211002
0201321023

   1   0.00 1500.00  -15.0  000000_0001.wav  
   2   0.00 1500.00  -15.0  000000_0002.wav  
   3   0.00 1500.00  -15.0  000000_0003.wav  
   4   0.00 1500.00  -15.0  000000_0004.wav  
   5   0.00 1500.00  -15.0  000000_0005.wav  
   6   0.00 1500.00  -15.0  000000_0006.wav  
   7   0.00 1500.00  -15.0  000000_0007.wav  
   8   0.00 1500.00  -15.0  000000_0008.wav  
   9   0.00 1500.00  -15.0  000000_0009.wav  
  10   0.00 1500.00  -15.0  000000_0010.wav  
